real_time : 359.41
user_time : 0.18
sys_time : 16.46

lseek: 3 2.00048089027e-06
rt_sigaction: 16 1.39996409416e-05
mprotect: 12 0.000475997105241
brk: 306 0.00904395617545
close: 3777 0.00410497374833
getgid: 9 0.000110998749733
open: 3773 0.853813923895
write: 142535 17.473501889
newuname: 1 1.00024044514e-06
getdents: 6 0.00157500430942
mmap: 22 0.000847002491355
rt_sigprocmask: 12 9.00216400623e-06
newstat: 30 0.0189610030502
access: 16 3.80016863346e-05
getpid: 1 9.98377799988e-07
getrlimit: 2 2.00048089027e-06
munmap: 3 1.7998740077e-05
fcntl: 3 1.99861824512e-06
newfstat: 3772 0.0230790097266
dup2: 2 2.99885869026e-06
read: 146303 318.439070111
openat: 1 5.99958002567e-06
getppid: 1 1.00024044514e-06
fadvise64: 3760 0.0155900213867
ioctl: 1 1.00024044514e-06
getegid: 9 3.99723649025e-06
getpgrp: 1 9.98377799988e-07
wait4: 2 337.203187002
getuid: 9 6.00144267082e-06
geteuid: 9 4.00096178055e-06

syscall_total_time = 674.04347389
syscall_total_invoked_time = 304397
