real_time : 232.98
user_time : 49.89
sys_time : 10.85

lseek: 248 0.000305999070406
rt_sigaction: 51 3.69939953089e-05
mprotect: 26 0.00113599747419
brk: 330 0.0151849873364
close: 4055 0.00682197883725
getgid: 17 1.30012631416e-05
open: 4034 0.196072032675
write: 353466 24.8180315327
newuname: 1 1.00024044514e-06
getdents: 6 0.00208199955523
mmap: 297 0.0204630233347
rt_sigprocmask: 513 0.0010040383786
newstat: 56 0.00012799911201
sched_getaffinity: 1 2.00048089027e-06
access: 33 0.000217003747821
getpid: 1 1.00024044514e-06
getrlimit: 6 4.99933958054e-06
munmap: 256 0.00277197547257
fcntl: 125 0.000223001465201
newfstat: 4035 0.0440859608352
dup2: 6 8.99843871593e-06
read: 630213 186.976290876
openat: 1 1.49998813868e-05
getppid: 1 1.00024044514e-06
fadvise64: 3883 0.0205259528011
set_robust_list: 1 1.00024044514e-06
ioctl: 3 4.00096178055e-06
getegid: 17 1.20010226965e-05
getpgrp: 1 2.00048089027e-06
unlink: 122 3.710779991
wait4: 4 233.944081999
getuid: 17 1.09989196062e-05
set_tid_address: 1 9.98377799988e-07
futex: 1 2.00048089027e-06
pipe: 2 1.19991600513e-05
geteuid: 17 1.10007822514e-05

syscall_total_time = 449.760346344
syscall_total_invoked_time = 1001847
