real_time : 220.3
user_time : 50.6
sys_time : 10.48

lseek: 249 0.000336004421115
rt_sigaction: 57 3.40044498444e-05
mprotect: 30 0.00150399655104
brk: 334 0.0113739911467
close: 4069 0.00626393780112
getgid: 21 8.00006091595e-06
open: 4037 0.125578004867
write: 353467 19.7779695615
newuname: 1 2.00048089027e-06
getdents: 6 0.00113299675286
mmap: 307 0.0221350006759
rt_sigprocmask: 516 0.000564973801374
newstat: 68 0.000195991247892
sched_getaffinity: 1 2.00048089027e-06
access: 40 0.000240998342633
getpid: 1 1.00024044514e-06
getrlimit: 6 4.00096178055e-06
munmap: 259 0.00337899662554
fcntl: 125 0.000222992151976
newfstat: 4040 0.0396880563349
dup2: 8 9.99867916107e-06
read: 690433 182.337400254
openat: 1 1.60001218319e-05
getppid: 1 1.00024044514e-06
fadvise64: 3884 0.0172689352185
set_robust_list: 1 1.00024044514e-06
ioctl: 3 5.00120222569e-06
getegid: 21 1.20010226965e-05
getpgrp: 1 2.00048089027e-06
unlink: 122 0.0625470168889
wait4: 5 224.960351998
getuid: 21 1.19972974062e-05
set_tid_address: 1 1.00024044514e-06
futex: 1 2.00048089027e-06
pipe: 3 1.99992209673e-05
geteuid: 21 1.40015035868e-05

syscall_total_time = 427.368300714
syscall_total_invoked_time = 1062161
