real_time : 204.83
user_time : 15.72
sys_time : 11.43

lseek: 3 2.00048089027e-06
rt_sigaction: 22 1.59963965416e-05
mprotect: 20 0.000886000692844
brk: 311 0.0104339905083
close: 3794 0.00583297945559
getgid: 13 9.00216400623e-06
open: 3784 0.0891309343278
write: 195485 14.7520434745
newuname: 1 1.99861824512e-06
getdents: 6 0.00186100043356
mmap: 37 0.00180399976671
rt_sigprocmask: 21 2.60025262833e-05
newstat: 44 0.000100003555417
access: 25 6.69937580824e-05
getpid: 1 1.00024044514e-06
getrlimit: 2 9.98377799988e-07
munmap: 6 4.40031290054e-05
fcntl: 3 2.00048089027e-06
newfstat: 3782 0.00833698734641
dup2: 4 6.99795782566e-06
read: 470707 186.776087213
openat: 1 1.60001218319e-05
getppid: 1 1.00024044514e-06
fadvise64: 3760 0.0107659567147
ioctl: 3 3.9990991354e-06
getegid: 13 1.00005418062e-05
getpgrp: 1 1.00024044514e-06
wait4: 3 198.950174002
getuid: 13 1.09989196062e-05
pipe: 1 6.99982047081e-06
geteuid: 13 1.70022249222e-05

syscall_total_time = 400.607700538
syscall_total_invoked_time = 681880
