real_time : 1.01733493805
user_time : 0.000403
sys_time : 8.1e-05

lseek: 52058 0.0294159147888
rt_sigaction: 22 1.69984996319e-05
mprotect: 26 0.00106599926949
brk: 108 0.00536399148405
close: 36733 0.0191710032523
getgid: 13 3.9990991354e-06
open: 26 0.000833993777633
fstatfs: 1 2.99885869026e-06
write: 2567 0.0223839916289
newuname: 1 1.00024044514e-06
getdents: 53 0.0141309965402
mmap: 51 0.00242399796844
rt_sigprocmask: 21 1.90008431673e-05
newstat: 46 6.7999586463e-05
access: 28 7.39991664886e-05
getpid: 1 1.00024044514e-06
getrlimit: 2 2.00048089027e-06
munmap: 10 0.000121997669339
fcntl: 10 8.00006091595e-06
newfstat: 36721 0.0240478608757
dup2: 4 6.00144267082e-06
read: 97166 0.227211715654
openat: 36694 0.0669350884855
getppid: 1 1.00024044514e-06
ioctl: 36694 0.0192909743637
getegid: 13 5.99958002567e-06
getpgrp: 1 1.00024044514e-06
wait4: 3 1.40597600117
getuid: 13 4.99747693539e-06
statfs: 2 1.29994004965e-05
pipe: 1 3.00072133541e-06
geteuid: 13 7.00168311596e-06

syscall_total_time = 1.83861252479
syscall_total_invoked_time = 299103
