real_time : 1.84854507446
user_time : 0.000244
sys_time : 0.000244

lseek: 52065 0.0308850109577
rt_sigaction: 57 3.30004841089e-05
mprotect: 36 0.00144400261343
brk: 118 0.00411999970675
close: 36770 0.0188641455024
getgid: 21 1.29994004965e-05
open: 41 0.00154400058091
fstatfs: 1 3.00072133541e-06
write: 4879 0.0261340420693
newuname: 1 1.00024044514e-06
getdents: 53 0.0120039973408
mmap: 82 0.00344699434936
rt_sigprocmask: 40 3.60030680895e-05
newstat: 70 0.000132007524371
sched_getaffinity: 1 2.00048089027e-06
access: 43 0.000114006921649
getpid: 1 1.00024044514e-06
getrlimit: 6 3.00072133541e-06
munmap: 24 0.000381000339985
fcntl: 13 1.40015035868e-05
newfstat: 36740 0.0254639144987
dup2: 8 7.00168311596e-06
read: 99139 0.275022579357
openat: 36694 0.0737820863724
getppid: 1 1.00024044514e-06
fadvise64: 5 3.00072133541e-06
set_robust_list: 1 0.0
ioctl: 36694 0.0191331151873
getegid: 21 8.99843871593e-06
getpgrp: 1 1.00024044514e-06
unlink: 3 0.000928999856114
wait4: 5 2.2347860001
set_tid_address: 1 1.00024044514e-06
getuid: 21 1.60001218319e-05
statfs: 2 9.99867916107e-06
futex: 1 2.99885869026e-06
pipe: 3 1.89989805222e-05
geteuid: 21 1.10026448965e-05

syscall_total_time = 2.72837291099
syscall_total_invoked_time = 303683
