real_time : 1.01217508316
user_time : 0.0
sys_time : 0.002039

lseek: 52058 0.0314559787512
rt_sigaction: 28 2.30055302382e-05
mprotect: 30 0.00170499645174
brk: 112 0.00777500122786
close: 36747 0.0188678428531
getgid: 17 9.00030136108e-06
open: 29 0.00122400186956
fstatfs: 1 3.9990991354e-06
write: 3337 0.0280599538237
newuname: 1 1.00024044514e-06
getdents: 53 0.0124579966068
mmap: 60 0.0064870044589
rt_sigprocmask: 24 1.80006027222e-05
newstat: 58 9.29925590754e-05
access: 35 9.99998301268e-05
getpid: 1 1.00024044514e-06
getrlimit: 2 2.00048089027e-06
munmap: 12 0.000160997733474
fcntl: 10 4.99933958054e-06
newfstat: 36725 0.025931103155
dup2: 6 8.00006091595e-06
read: 97935 0.26276910305
openat: 36694 0.0724891107529
getppid: 1 1.00024044514e-06
fadvise64: 1 2.00048089027e-06
ioctl: 36694 0.0195690207183
getegid: 17 1.00024044514e-05
getpgrp: 1 1.00024044514e-06
wait4: 4 1.4502690006
getuid: 17 1.30031257868e-05
statfs: 2 1.59982591867e-05
pipe: 2 8.00006091595e-06
geteuid: 17 1.29994004965e-05

syscall_total_time = 1.93954911456
syscall_total_invoked_time = 300731
