real_time : 4.89752817154
user_time : 0.000219
sys_time : 0.000219

lseek: 52067 0.035220105201
rt_sigaction: 92 6.50025904179e-05
mprotect: 46 0.0018549952656
brk: 127 0.00550398603082
close: 36801 0.0217768158764
getgid: 29 1.60001218319e-05
open: 50 0.000480007380247
fstatfs: 1 4.00096178055e-06
write: 4880 0.0232781078666
newuname: 1 1.00024044514e-06
getdents: 53 0.0122100040317
mmap: 108 0.00534800998867
rt_sigprocmask: 47 5.59985637665e-05
newstat: 94 0.00017898902297
sched_getaffinity: 2 2.99885869026e-06
access: 58 0.000154007226229
getpid: 1 1.00024044514e-06
getrlimit: 10 4.99747693539e-06
munmap: 33 0.000590009614825
fcntl: 13 1.29975378513e-05
newfstat: 36754 0.0271219890565
dup2: 12 1.49980187416e-05
read: 99913 0.323238320649
openat: 36694 0.0751750525087
getppid: 1 1.00024044514e-06
fadvise64: 7 6.00144267082e-06
set_robust_list: 2 2.00048089027e-06
ioctl: 36694 0.0198310222477
getegid: 29 1.99992209673e-05
getpgrp: 1 1.00024044514e-06
unlink: 3 0.000786000862718
wait4: 7 2.25830199756
set_tid_address: 2 1.99861824512e-06
getuid: 29 1.49998813868e-05
statfs: 2 1.09989196062e-05
futex: 2 4.99933958054e-06
pipe: 5 2.99997627735e-05
geteuid: 29 1.40033662319e-05

syscall_total_time = 2.81133541651
syscall_total_invoked_time = 304699
