real_time : 1.85654187202
user_time : 0.00029
sys_time : 0.000193

lseek: 52066 0.0320979077369
rt_sigaction: 63 3.89982014894e-05
mprotect: 40 0.00179899670184
brk: 123 0.00520399585366
close: 36784 0.020070983097
getgid: 25 1.00024044514e-05
open: 44 0.000421004369855
fstatfs: 1 2.00048089027e-06
write: 4880 0.0242860540748
newuname: 1 1.00024044514e-06
getdents: 53 0.0115830004215
mmap: 92 0.00461398996413
rt_sigprocmask: 43 4.19970601797e-05
newstat: 82 0.000148005783558
sched_getaffinity: 1 1.00024044514e-06
access: 50 0.000121992081404
getpid: 1 1.00024044514e-06
getrlimit: 6 7.00168311596e-06
munmap: 27 0.000555995851755
fcntl: 13 6.99609518051e-06
newfstat: 36745 0.0269019305706
dup2: 10 1.49998813868e-05
read: 99910 0.317292032763
openat: 36694 0.0739821568131
getppid: 1 1.00024044514e-06
fadvise64: 6 4.00096178055e-06
set_robust_list: 1 1.00024044514e-06
ioctl: 36694 0.0208430420607
getegid: 25 1.49998813868e-05
getpgrp: 1 1.00024044514e-06
unlink: 3 0.000802002847195
wait4: 6 2.24844699726
set_tid_address: 1 9.98377799988e-07
getuid: 25 1.50036066771e-05
statfs: 2 1.09989196062e-05
futex: 1 3.00072133541e-06
pipe: 4 2.70009040833e-05
geteuid: 25 1.6001984477e-05

syscall_total_time = 2.78939009085
syscall_total_invoked_time = 304549
