real_time : 1.02818584442
user_time : 0.000241
sys_time : 0.000241

lseek: 52058 0.0299909580499
rt_sigaction: 16 1.70040875673e-05
mprotect: 16 0.00107699818909
brk: 102 0.00405999831855
close: 36715 0.0187529940158
getgid: 9 8.0019235611e-06
open: 17 0.0018260050565
fstatfs: 1 3.00072133541e-06
write: 1797 0.0166100207716
newuname: 1 2.00048089027e-06
getdents: 53 0.0113239996135
mmap: 31 0.00233300030231
rt_sigprocmask: 12 1.20010226965e-05
newstat: 32 5.9999525547e-05
access: 18 5.79990446568e-05
getpid: 1 1.00024044514e-06
getrlimit: 2 2.00048089027e-06
munmap: 7 0.000102000311017
fcntl: 10 1.19991600513e-05
newfstat: 36711 0.0241010896862
dup2: 2 4.00096178055e-06
read: 95362 0.201640866697
openat: 36694 0.0635240990669
getppid: 1 1.00024044514e-06
ioctl: 36694 0.0191590320319
getegid: 9 6.99795782566e-06
getpgrp: 1 2.00048089027e-06
wait4: 2 1.38929799944
getuid: 9 9.99681651592e-06
geteuid: 9 6.00144267082e-06

syscall_total_time = 1.78400406614
syscall_total_invoked_time = 296392
